2.272798,0.6474228,0.85,0
1.76473,0.7967934,0.85,0
1.448732,0.8872305,0.85,0
1.293832,0.9069697,0.85,0
1.172423,0.9354422,0.85,0
1.010031,0.996773,0.85,0
0.9142432,1.027031,0.85,0
0.8624861,1.07065,0.85,0
0.8249395,1.07506,0.85,0
0.8308072,1.074204,0.85,0
2.273983,0.4835906,0.85,0
1.416579,0.8977265,0.85,0
0.8549876,1.025358,0.85,0
0.6446993,1.037416,0.85,0
0.5434623,1.02207,0.85,0
0.492653,1.002538,0.85,0
0.4507542,0.9814861,0.85,0
0.5116257,0.9242769,0.85,0
0.5953754,0.9140589,0.85,0
0.7759209,0.925334,0.85,0
0.9957721,0.973817,0.85,0
1.366697,0.978555,0.85,0
2.154949,0.8564457,0.85,0
2.176295,0.5503043,0.85,0
1.157039,0.8765292,0.85,0
0.7738763,0.9608133,0.85,0
0.573615,0.9767222,0.85,0
0.4616235,0.9671952,0.85,0
0.3781071,0.9719213,0.85,0
0.4518178,0.96042,0.85,0
0.5639762,0.909645,0.85,0
0.7116271,0.8225784,0.85,0
0.8815368,0.7429759,0.85,0
1.25865,0.5126486,0.85,0
1.655322,0.3856558,0.85,0
1.116886,0.6807921,0.85,0
0.8022718,0.84213,0.85,0
0.6178224,0.9251487,0.85,0
0.3384872,1.008297,0.85,0
0.3426043,1.013915,0.85,0
0.5339096,0.972119,0.85,0
0.6292925,0.9301894,0.85,0
0.8162211,0.8364841,0.85,0
1.325536,0.5253392,0.85,0
1.65539,0.5046263,0.85,0
1.117827,0.7699857,0.85,0
0.8653373,0.8843188,0.85,0
0.7217788,0.9358832,0.85,0
0.8851591,0.83909,0.85,0
1.094111,0.7251556,0.85,0
1.445914,0.510291,0.85,0
2.027141,0.3968011,0.85,0
1.437488,0.6494243,0.85,0
1.02754,0.8114273,0.85,0
0.7599773,0.917639,0.85,0
0.8057494,0.8717254,0.85,0
1.314485,0.647443,0.85,0
0.8978642,0.8524817,0.85,0
0.6586313,0.9543379,0.85,0
0.6479603,0.9268441,0.85,0
0.8501078,0.8263733,0.85,0
1.098787,0.7094805,0.85,0
1.439706,0.4750663,0.85,0
1.502176,0.5806307,0.85,0
0.9515854,0.762664,0.85,0
0.7792349,0.8384711,0.85,0
0.7957774,0.8209832,0.85,0
0.768772,0.8590648,0.85,0
0.6695045,0.8944978,0.85,0
0.6237082,0.883954,0.85,0
0.6079198,0.8675172,0.85,0
0.5930219,0.8760838,0.85,0
0.5742395,0.8932647,0.85,0
0.5483528,0.9096003,0.85,0
0.5121486,0.9291994,0.85,0
0.4636463,1.036603,0.85,0
0.3988539,1.069304,0.85,0
0.3401436,1.099438,0.85,0
0.3014241,1.121515,0.85,0
0.27175,1.12913,0.85,0
0.2549378,1.127328,0.85,0
0.2485562,1.13334,0.85,0
0.2398712,1.150133,0.85,0
0.2388841,1.152913,0.85,0
0.2512229,1.145132,0.85,0
0.274522,1.134381,0.85,0
0.3051009,1.133865,0.85,0
0.34148,1.148271,0.85,0
0.3855107,1.16665,0.85,0
0.4370184,1.171046,0.85,0
0.4874561,1.16345,0.85,0
0.5571322,1.125077,0.85,0
0.6392655,1.087438,0.85,0
0.7085817,1.059286,0.85,0
0.7626054,1.056821,0.85,0
0.7961701,1.077366,0.85,0
0.8157545,1.09833,0.85,0
0.8511872,1.088587,0.85,0
0.9016184,1.061566,0.85,0
0.8726213,1.077714,0.85,0
0.8961542,1.061346,0.85,0
0.8883607,1.028492,0.85,0
0.9038826,1.005645,0.85,0
0.9131209,0.9932649,0.85,0
0.9397095,0.9918884,0.85,0
0.895604,0.9666262,0.85,0
0.8982501,0.889106,0.85,0
0.9498478,0.743541,0.85,0
1.022053,0.5949502,0.85,0
1.034706,0.5091197,0.85,0
0.9849097,0.4986355,0.85,0
0.975476,0.4209018,0.85,0
1.244434,0.3877506,0.85,0
1.216539,0.4504477,0.85,0
1.185835,0.5971328,0.85,0
1.099135,0.7468953,0.85,0
1.012015,0.8621264,0.85,0
0.9398979,0.9329802,0.85,0
0.8825202,0.9752982,0.85,0
0.8810859,0.9774263,0.85,0
0.8959912,0.9758109,0.85,0
0.8844221,0.9814279,0.85,0
0.879288,0.9845133,0.85,0
0.8806542,0.9837542,0.85,0
0.8708799,0.9888604,0.85,0
0.8618664,0.9951341,0.85,0
0.8644038,0.9956741,0.85,0
0.8620018,0.9974983,0.85,0
0.8549068,1.002534,0.85,0
0.8438203,1.010567,0.85,0
0.8332157,1.017045,0.85,0
0.8418289,1.011826,0.85,0
0.8441284,1.011143,0.85,0
0.8505012,1.00613,0.85,0
0.8608917,1.000053,0.85,0
0.8599029,1.000617,0.85,0
0.8531497,1.000939,0.85,0
0.8571677,0.9961759,0.85,0
0.8597766,0.9868858,0.85,0
0.8383825,0.986735,0.85,0
0.8228523,0.9909386,0.85,0
0.8290941,0.9841225,0.85,0
0.8502467,0.9665569,0.85,0
0.8922132,0.8915557,0.85,0
0.9634653,0.7887148,0.85,0
1.074747,0.6501854,0.85,0
1.165181,0.5758001,0.85,0
1.277956,0.4901018,0.85,0
1.373027,0.4128627,0.85,0
1.354765,0.4007137,0.85,0
1.334552,0.3819354,0.85,0
0.9628398,0.5415543,0.85,0
0.7419833,0.8483061,0.85,0
0.6346198,0.9728572,0.85,0
0.5835892,1.039098,0.85,0
0.5373384,1.077624,0.85,0
0.5081125,1.100359,0.85,0
0.470627,1.128496,0.85,0
0.4151163,1.144985,0.85,0
0.3837357,1.18253,0.85,0
0.3751811,1.227161,0.85,0
0.3775051,1.255835,0.85,0
0.9466628,1.618332,0.85,0
1.381799,1.591671,0.85,0
2.011374,1.44834,0.85,0
1.196203,1.340809,0.85,0
0.715868,1.370049,0.85,0
0.4911833,1.367319,0.85,0
1.331084,1.213194,0.85,0
1.968024,1.049385,0.85,0
2.052294,0.9613633,0.85,0
1.062848,1.176387,0.85,0
0.6944491,1.272254,0.85,0
0.3248968,1.160452,0.85,0
0.3129616,1.168053,0.85,0
0.3051026,1.178251,0.85,0
0.3010519,1.190772,0.85,0
0.3386992,1.194076,0.85,0
0.4600086,1.189976,0.85,0
0.6981127,1.161837,0.85,0
1.224042,1.057424,0.85,0
2.150647,0.9028767,0.85,0
2.389741,0.8260987,0.85,0
1.891396,0.8068581,0.85,0
